{
  "GlobalObjectId_V1-2-5af0a8129e30ad146904fd474534f4ed-1492865488-0": {
    "GameObjectId": "GlobalObjectId_V1-2-5af0a8129e30ad146904fd474534f4ed-1492865488-0",
    "SectionColorRed": 0.8333335,
    "SectionColorGreen": 0.5,
    "SectionColorBlue": 1.0,
    "SectionAltColorRed": 0.375000119,
    "SectionAltColorGreen": 0.125,
    "SectionAltColorBlue": 0.5
  },
  "GlobalObjectId_V1-2-5af0a8129e30ad146904fd474534f4ed-847106560-0": {
    "GameObjectId": "GlobalObjectId_V1-2-5af0a8129e30ad146904fd474534f4ed-847106560-0",
    "SectionColorRed": 0.5,
    "SectionColorGreen": 1.0,
    "SectionColorBlue": 0.8333334,
    "SectionAltColorRed": 0.125,
    "SectionAltColorGreen": 0.5,
    "SectionAltColorBlue": 0.37500003
  }
}